x<-5
x<-100