y<-7898

y2<-78478